100
526770977 348760010
126890996 810529231
872610049 395996188
602087945 405342707
583734951 195826321
998264504 422343351
247236526 389245587
165688601 643664435
491548608 859074518
675154387 142711687
894810206 970195910
993718428 665824789
907971645 942949941
242754182 767585373
859849658 702449167
321878401 331722432
291368571 883457661
737313730 940046130
646163660 754455531
447034335 952623717
915458556 867971124
458574870 451353160
302241358 286847110
967828437 465274618
689142127 179987643
771940294 966740143
768954260 821157455
763202106 714012283
585445703 408144950
801603811 109345106
658439472 245727210
973140824 824120952
943178476 230450726
985520413 909785637
541095835 285365582
875672348 402542574
224082693 762426017
187093624 637617713
633934030 799706593
571863445 742550735
156849716 400646790
454998485 655553001
444506807 116826233
483441901 847210771
179809072 768956752
708944028 369130177
674873741 694753752
787011335 432009673
931672398 944219594
309527651 271088519
843473498 154829869
929652549 805396959
857194968 210291813
216908361 799638864
475144025 134963994
115846932 444791447
800662795 900881002
449630260 977774724
855403882 749895380
714754737 513792141
430120713 266080635
573251329 883418085
848660855 966334118
394301272 247425893
220742197 955231369
244827555 884238191
409613334 951616830
743081772 197313631
778691354 177772085
848896358 744563147
377885059 789548032
698449698 449770521
534724704 124179098
455543797 532048610
444310229 500914433
979017927 671274758
608926180 832836554
309957163 118746516
566956375 136348295
799424498 205864688
984791569 752777404
612670472 954211701
455063150 871174552
984824004 873705808
687560990 337374074
740500924 455534201
825803942 893426124
903585008 868923496
745750600 159369747
742730575 491791154
525905948 315979347
200771877 149892034
721517094 913470793
216196709 576795886
438521524 631500414
990559717 596866862
114815245 706023620
939969084 607109527
949204527 610374308
996526455 406141232
