100
821 429
587 652
871 121
917 52
602 295
368 133
960 231
630 758
664 760
595 842
781 475
480 930
888 205
86 996
550 529
272 907
36 975
599 160
574 556
12 456
101 830
846 718
141 975
950 280
968 107
448 786
984 468
897 192
576 227
395 575
794 854
450 543
14 65
857 255
420 742
382 682
320 904
245 948
703 360
158 907
239 304
848 711
698 441
42 580
724 326
484 66
799 935
368 350
219 271
541 945
864 469
405 766
270 956
99 230
654 585
167 427
22 425
961 948
94 175
114 226
287 923
456 362
66 646
477 917
618 993
642 525
254 249
341 673
585 732
863 558
31 431
849 900
872 940
168 39
127 510
451 516
125 39
706 309
683 691
914 116
376 765
900 985
937 689
230 986
737 391
847 503
315 928
243 329
55 918
482 869
871 114
198 18
81 820
283 590
968 423
164 849
445 925
168 822
428 915
219 444
